0 2 66
0 6 29
1 1 31
1 17 3
2 1 88
2 6 100
2 7 13
3 13 27
3 20 91
3 28 23
4 16 69
5 3 23
5 4 73
5 12 59
5 17 95
6 9 74
6 10 67
6 22 68
6 23 37
6 24 15
7 8 96
7 18 39
7 20 60
8 11 4
8 26 37
8 27 40
9 20 52
9 23 23
9 29 99
10 21 55
11 11 59
11 15 63
11 25 13
12 1 97
12 15 13
12 16 35
12 20 22
13 6 76
13 8 68
13 11 20
13 16 14
13 19 91
13 27 5
14 0 70
14 11 10
14 17 66
14 21 32
14 22 38
15 18 65
15 29 42
16 1 17
16 3 12
16 5 59
16 8 33
16 15 56
17 3 57
17 27 89
18 2 39
18 13 37
18 17 62
18 23 7
19 5 74
19 18 65
19 23 60
20 8 64
20 22 23
20 23 33
20 28 85
21 8 72
21 9 77
21 13 100
21 20 55
22 13 33
22 27 56
23 3 14
23 11 87
23 20 92
24 3 90
24 5 45
24 12 57
24 13 86
24 23 33
25 5 62
25 8 72
26 8 74
26 9 93
26 25 70
26 29 37
27 10 24
27 16 50
27 23 43
27 27 34
28 7 12
28 10 83
29 3 90
29 4 56
29 6 91
29 24 87