0 0 83
0 9 68
0 10 44
0 23 74
1 1 99
1 2 49
1 18 11
1 23 51
2 0 98
2 18 14
2 23 47
3 3 95
3 13 48
3 21 89
4 7 89
4 16 40
5 4 63
5 21 82
6 1 9
6 5 62
6 23 1
7 6 87
7 24 65
8 15 15
9 11 2
9 12 86
9 18 80
11 8 49
11 11 3
11 12 77
12 17 79
12 24 93
13 2 40
13 6 65
13 13 37
13 24 77
14 4 43
14 20 66
15 1 15
15 12 26
16 9 4
16 13 28
16 19 27
16 20 86
17 7 59
17 20 73
18 15 49
19 3 46
19 6 56
19 14 12
19 15 65
19 18 70
19 20 79
20 0 74
20 2 36
20 7 7
20 24 63
21 9 55
21 16 72
21 22 77
21 24 93
22 18 70
22 22 55
23 2 56
23 10 90
23 19 67
24 1 79
24 7 37
24 11 45
24 15 7
24 17 2
24 21 78
24 22 28